#1E1830
#5E3FA0
#7054B0
#ABD1F5
#B299FF
#DBD1F5
#EDEAF6
#F5734A
#F7D978
#F7F5F0
#FAFAFA
#fff
--faint:rgba(30,24,48,0.28);
--ink:#1E1830;
--kb:#ABD1F5;
--kd:#7054B0;
--kf:#F7F5F0;
--kl:#DBD1F5;
--ko:#F5734A;
--kp:#B299FF;
--ky:#F7D978;
--muted:rgba(30,24,48,0.5);
--text:#1E1830;
rgba(0,0,0,0.08)
rgba(112,84,176,0.08)
rgba(112,84,176,0.09)
rgba(112,84,176,0.1)
rgba(112,84,176,0.12)
rgba(112,84,176,0.15)
rgba(112,84,176,0.18)
rgba(112,84,176,0.2)
rgba(112,84,176,0.3)
rgba(178,153,255,0.1)
rgba(178,153,255,0.12)
rgba(219,209,245,0.4)
rgba(247,217,120,0.08)
rgba(247,217,120,0.25)
rgba(255,255,255,0.03)
rgba(255,255,255,0.04)
rgba(255,255,255,0.07)
rgba(255,255,255,0.38)
rgba(255,255,255,0.48)
rgba(255,255,255,0.5)
rgba(255,255,255,0.82)
rgba(30,24,48,0.04)
rgba(30,24,48,0.05)
rgba(30,24,48,0.06)
rgba(30,24,48,0.07)
rgba(30,24,48,0.08)
rgba(30,24,48,0.1)
rgba(30,24,48,0.28)
rgba(30,24,48,0.5)